 188
       -43.0       -42.0       -41.0       -40.0       -39.0       -38.0       -37.0
       -36.0       -35.0       -34.0       -33.0       -32.0       -31.0       -30.0
       -29.0       -28.0       -27.0       -26.0       -25.0       -24.0       -23.0
       -22.0       -21.0       -20.0       -19.0       -18.0       -17.0       -16.0
       -15.0       -14.0       -13.0       -12.0       -11.0       -10.0        -9.0
        -8.0        -7.0        -6.0        -5.0        -4.0        -3.0        -2.0
        -1.0         0.0         1.0         2.0         3.0         4.0         5.0
         6.0         7.0         8.0         9.0        10.0        11.0        12.0
        13.0        14.0        15.0        16.0        17.0        18.0        19.0
        20.0        21.0        22.0        23.0        24.0        25.0        26.0
        27.0        28.0        29.0        30.0        31.0        32.0        33.0
        34.0        35.0        36.0        37.0        38.0        39.0        40.0
        41.0        42.0        43.0        44.0        45.0        46.0        47.0
        48.0        49.0        50.0        51.0        52.0        53.0        54.0
        55.0        56.0        57.0        58.0        59.0        60.0        61.0
        62.0        63.0        64.0        65.0        66.0        67.0        68.0
        69.0        70.0        71.0        72.0        73.0        74.0        75.0
        76.0        77.0        78.0        79.0        80.0        81.0        82.0
        83.0        84.0        85.0        86.0        87.0        88.0        89.0
        90.0        91.0        92.0        93.0        94.0        95.0        96.0
        97.0        98.0        99.0       100.0       101.0       102.0       103.0
       104.0       105.0       106.0       107.0       108.0       109.0       110.0
       111.0       112.0       113.0       114.0       115.0       116.0       117.0
       118.0       119.0       120.0       121.0       122.0       123.0       124.0
       125.0       126.0       127.0       128.0       129.0       130.0       131.0
       132.0       133.0       134.0       135.0       136.0       137.0       138.0
       139.0       140.0       141.0       142.0       143.0       144.0
  -0.0441165  -0.0470525  -0.0499489  -0.0528026  -0.0556030  -0.0583347  -0.0609963
  -0.0635743  -0.0660563  -0.0684288  -0.0706655  -0.0727519  -0.0746610  -0.0763483
  -0.0777681  -0.0788754  -0.0796455  -0.0799692  -0.0798429  -0.0792715  -0.0783272
  -0.0771001  -0.0756434  -0.0740002  -0.0722157  -0.0703720  -0.0685401  -0.0668038
  -0.0652093  -0.0638165  -0.0626697  -0.0618562  -0.0614866  -0.0615664  -0.0621195
  -0.0631083  -0.0644825  -0.0661939  -0.0683052  -0.0707855  -0.0735661  -0.0765125
  -0.0794661  -0.0823520  -0.0850941  -0.0876513  -0.0899397  -0.0918653  -0.0933507
  -0.0943442  -0.0948320  -0.0948024  -0.0941842  -0.0929141  -0.0910204  -0.0885397
  -0.0855748  -0.0822299  -0.0785979  -0.0747427  -0.0707381  -0.0666893  -0.0626911
  -0.0588337  -0.0551519  -0.0516847  -0.0484663  -0.0455232  -0.0428707  -0.0404723
  -0.0382379  -0.0359862  -0.0335826  -0.0310033  -0.0281884  -0.0251983  -0.0220457
  -0.0187180  -0.0152601  -0.0116879  -0.0081045  -0.0046389  -0.0013866   0.0016670
   0.0045491   0.0073617   0.0102155   0.0132168   0.0164255   0.0198973   0.0236912
   0.0278788   0.0324898   0.0373766   0.0424752   0.0475512   0.0524301   0.0569713
   0.0610947   0.0647922   0.0680378   0.0708645   0.0733195   0.0755462   0.0775816
   0.0795290   0.0814031   0.0831860   0.0848615   0.0864604   0.0880511   0.0897080
   0.0914129   0.0930264   0.0946330   0.0961739   0.0977736   0.0996672   0.1019707
   0.1047336   0.1079320   0.1115574   0.1156269   0.1202087   0.1252634   0.1307290
   0.1364605   0.1422983   0.1481334   0.1538894   0.1594758   0.1647504   0.1695212
   0.1736178   0.1769836   0.1795563   0.1813887   0.1825151   0.1829600   0.1828049
   0.1821579   0.1811763   0.1800041   0.1787485   0.1775128   0.1764045   0.1755708
   0.1751441   0.1751950   0.1757794   0.1768442   0.1783465   0.1802848   0.1826392
   0.1854072   0.1885727   0.1921420   0.1961484   0.2005881   0.2054062   0.2104923
   0.2157141   0.2209219   0.2259904   0.2307949   0.2351263   0.2385773   0.2408231
   0.2417831   0.2415198   0.2405219   0.2395707   0.2392707   0.2396834   0.2408426
   0.2424513   0.2441089   0.2455724   0.2467438   0.2475942   0.2480904   0.2482790
   0.2481163   0.2476489   0.2468938   0.2459706   0.2450532   0.2444477
   0.0000000   0.0000000   0.0000000   0.0000000   0.0000000   0.0000000   0.0000000
   0.0000000   0.0000000   0.0000000   0.0000000   0.0000000   0.0000000   0.0000000
   0.0000000   0.0000000   0.0000000   0.0000000   0.0000000   0.0000000   0.0000000
   0.0000000   0.0000000   0.0000000   0.0000000   0.0000000   0.0000000   0.0000000
   0.0000000   0.0000000   0.0000000   0.0000000   0.0000000   0.0000000   0.0000000
   0.0000000   0.0000000   0.0000000   0.0000000   0.0000000   0.0000000   0.0000000
   0.0000000   0.0000000   0.0000000   0.0000000   0.0000000   0.0000000   0.0000000
   0.0000000   0.0000000   0.0000000   0.0000000   0.0000000   0.0000000   0.0000000
   0.0000000   0.0000000   0.0000000   0.0000000   0.0000000   0.0000000   0.0000000
   0.0000000   0.0000000   0.0000000   0.0000000   0.0000000   0.0000000   0.0000000
   0.0000000   0.0000000   0.0000000   0.0000000   0.0000000   0.0000000   0.0000000
   0.0000000   0.0000000   0.0000000   0.0000000   0.0000000   0.0000000   0.0000000
   0.0000000   0.0000000   0.0000000   0.0000000   0.0000000   0.0000000   0.0000000
   0.0000000   0.0000000   0.0000000   0.0000000   0.0000000   0.0000000   0.0000000
   0.0000000   0.0000000   0.0000000   0.0000000   0.0000000   0.0000000   0.0000000
   0.0000000   0.0000000   0.0000000   0.0000000   0.0000000   0.0000000   0.0000000
   0.0000000   0.0000000   0.0000000   0.0000000   0.0000000   0.0000000   0.0000000
   0.0000000   0.0000000   0.0000000   0.0000000   0.0000000   0.0000000   0.0000000
   0.0000000   0.0000000   0.0000000   0.0000000   0.0000000   0.0000000   0.0000000
   0.0000000   0.0000000   0.0000000   0.0000000   0.0000000   0.0000000   0.0000000
   0.0000000   0.0000000   0.0000000   0.0000000   0.0000000   0.0000000   0.0000000
   0.0000000   0.0000000   0.0000000   0.0000000   0.0000000   0.0000000   0.0000000
   0.0000000   0.0000000   0.0000000   0.0000000   0.0000000   0.0000000   0.0000000
   0.0000000   0.0000000   0.0000000   0.0000000   0.0000000   0.0000000   0.0000000
   0.0000000   0.0000000   0.0000000   0.0000000   0.0000000   0.0000000   0.0000000
   0.0000000   0.0000000   0.0000000   0.0000000   0.0000000   0.0000000   0.0000000
   0.0000000   0.0000000   0.0000000   0.0000000   0.0000000   0.0000000
   0.2738770   0.2798006   0.2857142   0.2916244   0.2975228   0.3033979   0.3092666
   0.3151185   0.3209384   0.3267488   0.3325446   0.3383180   0.3440663   0.3497739
   0.3554512   0.3610793   0.3666712   0.3722197   0.3777062   0.3831368   0.3885006
   0.3938048   0.3990581   0.4042504   0.4094086   0.4145376   0.4196796   0.4248736
   0.4300972   0.4353218   0.4404401   0.4453615   0.4500070   0.4543320   0.4582824
   0.4617859   0.4647694   0.4671081   0.4687878   0.4697912   0.4701706   0.4699708
   0.4691819   0.4678355   0.4659404   0.4635065   0.4605528   0.4570393   0.4529588
   0.4483579   0.4433048   0.4379317   0.4323635   0.4267148   0.4210483   0.4154447
   0.4099980   0.4048257   0.4000423   0.3956835   0.3918094   0.3884309   0.3855415
   0.3831332   0.3811263   0.3793612   0.3776159   0.3757218   0.3736274   0.3712390
   0.3685825   0.3655984   0.3621979   0.3584169   0.3542874   0.3499925   0.3457857
   0.3418686   0.3382522   0.3349149   0.3317161   0.3284661   0.3249955   0.3212171
   0.3170804   0.3125582   0.3076824   0.3025033   0.2971942   0.2918153   0.2865512
   0.2815164   0.2768271   0.2725972   0.2687932   0.2653981   0.2622960   0.2592737
   0.2561061   0.2527083   0.2489098   0.2446169   0.2398241   0.2345806   0.2288580
   0.2227522   0.2163069   0.2095586   0.2027129   0.1957880   0.1889352   0.1822300
   0.1756654   0.1692112   0.1628369   0.1565146   0.1502182   0.1438929   0.1374597
   0.1308753   0.1240500   0.1169917   0.1097794   0.1025400   0.0952479   0.0879895
   0.0807145   0.0733948   0.0661170   0.0587700   0.0513929   0.0438349   0.0358713
   0.0274269   0.0184682   0.0090833  -0.0006002  -0.0105022  -0.0205952  -0.0308539
  -0.0412379  -0.0516396  -0.0618953  -0.0718615  -0.0815170  -0.0907905  -0.0996997
  -0.1082470  -0.1163893  -0.1241794  -0.1316097  -0.1387998  -0.1458274  -0.1526973
  -0.1595706  -0.1665410  -0.1738487  -0.1817461  -0.1903423  -0.1997603  -0.2099011
  -0.2207549  -0.2323318  -0.2445085  -0.2571966  -0.2700897  -0.2827390  -0.2948307
  -0.3062977  -0.3171901  -0.3278458  -0.3388054  -0.3504055  -0.3626602  -0.3756082
  -0.3888683  -0.4020204  -0.4147712  -0.4269161  -0.4384411  -0.4493442  -0.4598822
  -0.4701558  -0.4800892  -0.4897950  -0.4992889  -0.5088316  -0.5188520
   0.0000000   0.0000000   0.0000000   0.0000000   0.0000000   0.0000000   0.0000000
   0.0000000   0.0000000   0.0000000   0.0000000   0.0000000   0.0000000   0.0000000
   0.0000000   0.0000000   0.0000000   0.0000000   0.0000000   0.0000000   0.0000000
   0.0000000   0.0000000   0.0000000   0.0000000   0.0000000   0.0000000   0.0000000
   0.0000000   0.0000000   0.0000000   0.0000000   0.0000000   0.0000000   0.0000000
   0.0000000   0.0000000   0.0000000   0.0000000   0.0000000   0.0000000   0.0000000
   0.0000000   0.0000000   0.0000000   0.0000000   0.0000000   0.0000000   0.0000000
   0.0000000   0.0000000   0.0000000   0.0000000   0.0000000   0.0000000   0.0000000
   0.0000000   0.0000000   0.0000000   0.0000000   0.0000000   0.0000000   0.0000000
   0.0000000   0.0000000   0.0000000   0.0000000   0.0000000   0.0000000   0.0000000
   0.0000000   0.0000000   0.0000000   0.0000000   0.0000000   0.0000000   0.0000000
   0.0000000   0.0000000   0.0000000   0.0000000   0.0000000   0.0000000   0.0000000
   0.0000000   0.0000000   0.0000000   0.0000000   0.0000000   0.0000000   0.0000000
   0.0000000   0.0000000   0.0000000   0.0000000   0.0000000   0.0000000   0.0000000
   0.0000000   0.0000000   0.0000000   0.0000000   0.0000000   0.0000000   0.0000000
   0.0000000   0.0000000   0.0000000   0.0000000   0.0000000   0.0000000   0.0000000
   0.0000000   0.0000000   0.0000000   0.0000000   0.0000000   0.0000000   0.0000000
   0.0000000   0.0000000   0.0000000   0.0000000   0.0000000   0.0000000   0.0000000
   0.0000000   0.0000000   0.0000000   0.0000000   0.0000000   0.0000000   0.0000000
   0.0000000   0.0000000   0.0000000   0.0000000   0.0000000   0.0000000   0.0000000
   0.0000000   0.0000000   0.0000000   0.0000000   0.0000000   0.0000000   0.0000000
   0.0000000   0.0000000   0.0000000   0.0000000   0.0000000   0.0000000   0.0000000
   0.0000000   0.0000000   0.0000000   0.0000000   0.0000000   0.0000000   0.0000000
   0.0000000   0.0000000   0.0000000   0.0000000   0.0000000   0.0000000   0.0000000
   0.0000000   0.0000000   0.0000000   0.0000000   0.0000000   0.0000000   0.0000000
   0.0000000   0.0000000   0.0000000   0.0000000   0.0000000   0.0000000   0.0000000
   0.0000000   0.0000000   0.0000000   0.0000000   0.0000000   0.0000000
   0.2155949   0.2146305   0.2135552   0.2123776   0.2111058   0.2097440   0.2082963
   0.2067715   0.2051766   0.2035127   0.2017875   0.2000102   0.1981890   0.1963359
   0.1944612   0.1925937   0.1907718   0.1889754   0.1871967   0.1854262   0.1836692
   0.1819217   0.1801700   0.1784251   0.1766909   0.1749852   0.1733288   0.1717370
   0.1702190   0.1687850   0.1674572   0.1662584   0.1652093   0.1643079   0.1635477
   0.1629033   0.1623472   0.1618399   0.1613887   0.1609754   0.1605437   0.1600183
   0.1593340   0.1584807   0.1574118   0.1561205   0.1545529   0.1526325   0.1503745
   0.1477826   0.1449266   0.1418796   0.1386788   0.1353376   0.1318731   0.1283040
   0.1246148   0.1208185   0.1169517   0.1130785   0.1093526   0.1060296   0.1033270
   0.1013356   0.1000906   0.0994769   0.0993517   0.0996484   0.1003656   0.1014121
   0.1026625   0.1039149   0.1049500   0.1056705   0.1059913   0.1059469   0.1055431
   0.1047884   0.1037208   0.1023420   0.1007057   0.0987874   0.0964886   0.0937178
   0.0904941   0.0868644   0.0830466   0.0792578   0.0756166   0.0721998   0.0690199
   0.0661359   0.0636497   0.0616670   0.0602125   0.0593134   0.0589232   0.0590058
   0.0595641   0.0605201   0.0617695   0.0631490   0.0644885   0.0656635   0.0665637
   0.0670938   0.0671291   0.0665227   0.0651789   0.0630164   0.0600276   0.0562184
   0.0515525   0.0460988   0.0398906   0.0330309   0.0256070   0.0176527   0.0092628
   0.0005154  -0.0084232  -0.0173807  -0.0261707  -0.0346473  -0.0426775  -0.0500537
  -0.0565296  -0.0618519  -0.0658955  -0.0685727  -0.0699387  -0.0700441  -0.0688337
  -0.0663225  -0.0626487  -0.0580756  -0.0529684  -0.0476400  -0.0422303  -0.0369238
  -0.0318243  -0.0271962  -0.0233085  -0.0202235  -0.0179441  -0.0162770  -0.0150452
  -0.0141780  -0.0137393  -0.0136366  -0.0138081  -0.0139676  -0.0138789  -0.0135207
  -0.0127307  -0.0115953  -0.0099540  -0.0075639  -0.0043052  -0.0001850   0.0046254
   0.0098999   0.0155000   0.0214769   0.0276296   0.0337763   0.0393629   0.0438448
   0.0469890   0.0487368   0.0494988   0.0498404   0.0501138   0.0502134   0.0501193
   0.0495279   0.0482039   0.0460278   0.0429820   0.0391905   0.0348587   0.0304376
   0.0262997   0.0227159   0.0198013   0.0176385   0.0163538   0.0161936
   0.0000000   0.0000000   0.0000000   0.0000000   0.0000000   0.0000000   0.0000000
   0.0000000   0.0000000   0.0000000   0.0000000   0.0000000   0.0000000   0.0000000
   0.0000000   0.0000000   0.0000000   0.0000000   0.0000000   0.0000000   0.0000000
   0.0000000   0.0000000   0.0000000   0.0000000   0.0000000   0.0000000   0.0000000
   0.0000000   0.0000000   0.0000000   0.0000000   0.0000000   0.0000000   0.0000000
   0.0000000   0.0000000   0.0000000   0.0000000   0.0000000   0.0000000   0.0000000
   0.0000000   0.0000000   0.0000000   0.0000000   0.0000000   0.0000000   0.0000000
   0.0000000   0.0000000   0.0000000   0.0000000   0.0000000   0.0000000   0.0000000
   0.0000000   0.0000000   0.0000000   0.0000000   0.0000000   0.0000000   0.0000000
   0.0000000   0.0000000   0.0000000   0.0000000   0.0000000   0.0000000   0.0000000
   0.0000000   0.0000000   0.0000000   0.0000000   0.0000000   0.0000000   0.0000000
   0.0000000   0.0000000   0.0000000   0.0000000   0.0000000   0.0000000   0.0000000
   0.0000000   0.0000000   0.0000000   0.0000000   0.0000000   0.0000000   0.0000000
   0.0000000   0.0000000   0.0000000   0.0000000   0.0000000   0.0000000   0.0000000
   0.0000000   0.0000000   0.0000000   0.0000000   0.0000000   0.0000000   0.0000000
   0.0000000   0.0000000   0.0000000   0.0000000   0.0000000   0.0000000   0.0000000
   0.0000000   0.0000000   0.0000000   0.0000000   0.0000000   0.0000000   0.0000000
   0.0000000   0.0000000   0.0000000   0.0000000   0.0000000   0.0000000   0.0000000
   0.0000000   0.0000000   0.0000000   0.0000000   0.0000000   0.0000000   0.0000000
   0.0000000   0.0000000   0.0000000   0.0000000   0.0000000   0.0000000   0.0000000
   0.0000000   0.0000000   0.0000000   0.0000000   0.0000000   0.0000000   0.0000000
   0.0000000   0.0000000   0.0000000   0.0000000   0.0000000   0.0000000   0.0000000
   0.0000000   0.0000000   0.0000000   0.0000000   0.0000000   0.0000000   0.0000000
   0.0000000   0.0000000   0.0000000   0.0000000   0.0000000   0.0000000   0.0000000
   0.0000000   0.0000000   0.0000000   0.0000000   0.0000000   0.0000000   0.0000000
   0.0000000   0.0000000   0.0000000   0.0000000   0.0000000   0.0000000   0.0000000
   0.0000000   0.0000000   0.0000000   0.0000000   0.0000000   0.0000000
  -0.5011362  -0.4873466  -0.4735524  -0.4597373  -0.4459191  -0.4321212  -0.4183020
  -0.4044834  -0.3906966  -0.3768835  -0.3630511  -0.3492120  -0.3353636  -0.3215302
  -0.3076703  -0.2938156  -0.2798908  -0.2658553  -0.2517737  -0.2376735  -0.2237207
  -0.2100659  -0.1968135  -0.1840521  -0.1717963  -0.1600555  -0.1488752  -0.1383052
  -0.1283235  -0.1188944  -0.1099417  -0.1013477  -0.0929981  -0.0848496  -0.0768209
  -0.0688585  -0.0608264  -0.0527155  -0.0445428  -0.0361676  -0.0276420  -0.0188888
  -0.0097597  -0.0001581   0.0100444   0.0208498   0.0323101   0.0444916   0.0574285
   0.0711901   0.0857006   0.1009046   0.1167826   0.1331624   0.1499919   0.1670888
   0.1843147   0.2015411   0.2185660   0.2353415   0.2517180   0.2677670   0.2835194
   0.2988976   0.3138442   0.3281101   0.3414552   0.3536193   0.3645482   0.3742653
   0.3828679   0.3905951   0.3975382   0.4036773   0.4091744   0.4141473   0.4187972
   0.4233447   0.4278671   0.4325532   0.4374471   0.4427292   0.4485692   0.4549326
   0.4618785   0.4692991   0.4771577   0.4855819   0.4947153   0.5045554   0.5150799
   0.5261527   0.5375784   0.5491929   0.5609304   0.5727042   0.5844608   0.5961363
   0.6075444   0.6185929   0.6290427   0.6387317   0.6474301   0.6549245   0.6612201
   0.6662884   0.6701854   0.6730307   0.6749734   0.6761333   0.6767804   0.6771534
   0.6774163   0.6776602   0.6780386   0.6786835   0.6797660   0.6814259   0.6836622
   0.6866082   0.6901866   0.6944666   0.6996256   0.7057014   0.7127235   0.7206405
   0.7294415   0.7391965   0.7499088   0.7614939   0.7737496   0.7862852   0.7987028
   0.8107223   0.8221477   0.8327482   0.8423308   0.8505928   0.8572685   0.8621669
   0.8650593   0.8658302   0.8643209   0.8604661   0.8542479   0.8458828   0.8355782
   0.8233781   0.8094832   0.7940589   0.7773835   0.7597776   0.7415249   0.7229368
   0.7042095   0.6856735   0.6677156   0.6506773   0.6347285   0.6199480   0.6063850
   0.5944603   0.5844689   0.5763839   0.5697068   0.5630342   0.5535121   0.5392443
   0.5201930   0.4964925   0.4711266   0.4479707   0.4298021   0.4168852   0.4090414
   0.4045419   0.4006586   0.3956895   0.3889574   0.3802266   0.3696863   0.3578332
   0.3443803   0.3293867   0.3132040   0.2966680   0.2818223   0.2716806
   0.0000000   0.0000000   0.0000000   0.0000000   0.0000000   0.0000000   0.0000000
   0.0000000   0.0000000   0.0000000   0.0000000   0.0000000   0.0000000   0.0000000
   0.0000000   0.0000000   0.0000000   0.0000000   0.0000000   0.0000000   0.0000000
   0.0000000   0.0000000   0.0000000   0.0000000   0.0000000   0.0000000   0.0000000
   0.0000000   0.0000000   0.0000000   0.0000000   0.0000000   0.0000000   0.0000000
   0.0000000   0.0000000   0.0000000   0.0000000   0.0000000   0.0000000   0.0000000
   0.0000000   0.0000000   0.0000000   0.0000000   0.0000000   0.0000000   0.0000000
   0.0000000   0.0000000   0.0000000   0.0000000   0.0000000   0.0000000   0.0000000
   0.0000000   0.0000000   0.0000000   0.0000000   0.0000000   0.0000000   0.0000000
   0.0000000   0.0000000   0.0000000   0.0000000   0.0000000   0.0000000   0.0000000
   0.0000000   0.0000000   0.0000000   0.0000000   0.0000000   0.0000000   0.0000000
   0.0000000   0.0000000   0.0000000   0.0000000   0.0000000   0.0000000   0.0000000
   0.0000000   0.0000000   0.0000000   0.0000000   0.0000000   0.0000000   0.0000000
   0.0000000   0.0000000   0.0000000   0.0000000   0.0000000   0.0000000   0.0000000
   0.0000000   0.0000000   0.0000000   0.0000000   0.0000000   0.0000000   0.0000000
   0.0000000   0.0000000   0.0000000   0.0000000   0.0000000   0.0000000   0.0000000
   0.0000000   0.0000000   0.0000000   0.0000000   0.0000000   0.0000000   0.0000000
   0.0000000   0.0000000   0.0000000   0.0000000   0.0000000   0.0000000   0.0000000
   0.0000000   0.0000000   0.0000000   0.0000000   0.0000000   0.0000000   0.0000000
   0.0000000   0.0000000   0.0000000   0.0000000   0.0000000   0.0000000   0.0000000
   0.0000000   0.0000000   0.0000000   0.0000000   0.0000000   0.0000000   0.0000000
   0.0000000   0.0000000   0.0000000   0.0000000   0.0000000   0.0000000   0.0000000
   0.0000000   0.0000000   0.0000000   0.0000000   0.0000000   0.0000000   0.0000000
   0.0000000   0.0000000   0.0000000   0.0000000   0.0000000   0.0000000   0.0000000
   0.0000000   0.0000000   0.0000000   0.0000000   0.0000000   0.0000000   0.0000000
   0.0000000   0.0000000   0.0000000   0.0000000   0.0000000   0.0000000   0.0000000
   0.0000000   0.0000000   0.0000000   0.0000000   0.0000000   0.0000000
 5.2524924  1.7924043      ! Amplitude Factors
 302.0                     ! Antenna Bearing
 BML1                      ! Site Code
 38.3173167  -123.0724667  ! Site Lat Lon
 1.0                       ! Degree Resolution
 20.0                      ! Degree Smoothing
 2020 02 20  15 27 09      ! Date Year Mo Day Hr Mn Sec
 Acq4.0 Drone at 1m, MH, DAS. Proc ML
 2E619279-C695-4932-B643-9FDF17AF0CB9   ! UUID
 99.9       91.0           ! Phase Corrections
 12.1568550                ! Center Freq MHz
 0.0000000                 ! Bandwdith kHz
 2.9    1.6   4.3        ! Ideal Distortion both,L1,L2
 302.0  307.0 208.0      ! Ideal Loop Alignment both,L1,L2
